SAMEA3532857 SAMEA3532857 0.224157 0.0603531 0.332361 0.124275 0.0480431 -0.126076 0.100183 -0.29653 -0.121761 -0.47893 0.103942 0.385511 0.310188 0.174474 -0.185985 0.0250772 0.138746 -0.258355 -0.229206
SAMEA3532858 SAMEA3532858 -0.0746552 0.15063 -0.386816 0.131826 0.233017 -0.0944302 -0.169098 -0.136223 0.25989 -0.430391 0.196503 -0.301918 0.00676999 -0.246536 -0.332291 -0.149812 -0.138719 0.215387 -0.229127
SAMEA3532859 SAMEA3532859 -0.115857 -0.180277 0.326738 -0.308728 0.403596 0.117153 -0.0462488 -0.234319 -0.0735026 -0.0765396 0.218723 -0.351039 -0.401581 0.206794 0.142939 0.199035 0.139549 -0.00928992 -0.228869
SAMEA3532860 SAMEA3532860 -0.195676 0.292467 -0.0659125 -0.303987 -0.630096 0.304126 0.138608 -0.225585 0.162388 0.0742263 0.303287 0.0151693 -0.0581476 0.0885158 -0.127554 -0.0314953 0.121188 -0.0077939 -0.229106
SAMEA3532861 SAMEA3532861 0.38431 0.199244 -0.00838165 -0.0757868 0.0708403 0.0116109 -0.126455 -0.206733 -0.16358 0.274134 0.0435144 -0.141417 0.00346906 0.00304931 0.217252 -0.550041 -0.363215 -0.291175 -0.229432
SAMEA3532862 SAMEA3532862 0.330555 -0.213879 -0.253883 -0.0277742 -0.133783 0.539883 -0.352414 0.228835 -0.258764 -0.233112 -0.254048 0.0212178 -0.103497 0.1214 -0.128978 0.0960984 0.0608337 -0.0116122 -0.228872
SAMEA3532863 SAMEA3532863 -0.233425 -0.189264 -0.166648 -0.166911 0.0631629 -0.0924844 0.353778 0.0409943 -0.13316 -0.0125025 -0.178657 0.266179 -0.376212 -0.334246 -0.244214 0.02763 -0.244601 -0.409487 -0.229898
SAMEA3532864 SAMEA3532864 0.148525 -0.122282 -0.219198 -0.130848 0.0244036 -0.33591 0.145549 0.601792 0.0438682 0.0168947 0.438306 0.0265237 0.000153971 0.340512 0.0147045 -0.118167 0.141304 -0.0594804 -0.228891
SAMEA3532865 SAMEA3532865 -0.425996 -0.270686 0.125475 -0.208066 -0.178437 -0.146529 -0.365136 0.119214 -0.0879711 -0.050409 -0.0669662 -0.223037 0.511084 -0.184262 0.122121 -0.0222378 -0.0112835 -0.23975 -0.229543
SAMEA3532866 SAMEA3532866 0.312563 0.0257972 0.080947 -0.439435 0.160913 -0.140412 0.0640966 -0.0458551 0.0355052 0.371735 -0.237478 -0.00560114 0.251574 -0.165508 -0.405179 0.119589 0.167174 0.323208 -0.229619
SAMEA3532867 SAMEA3532867 0.138658 -0.389271 -0.153836 0.275847 -0.112583 0.0843533 0.549929 -0.189465 0.18515 0.00150283 -0.2163 -0.366839 0.178586 0.0318083 0.20406 -0.0457129 0.162317 -0.0167334 -0.229076
SAMEA3532868 SAMEA3532868 0.202894 0.20816 0.381144 0.262984 -0.388815 -0.336011 -0.0669881 0.209409 -0.0846153 -0.0844867 -0.121063 -0.275621 -0.367569 -0.272043 -0.00174208 0.100589 0.0988298 0.0459151 -0.229389
SAMEA3532869 SAMEA3532869 0.21476 0.010843 -0.118087 -0.0327397 -0.0304811 0.00178918 0.0032208 -0.0413444 0.0752471 -0.00391223 0.250573 0.193818 0.121927 -0.232415 0.442261 0.576734 -0.40052 0.140817 -0.229601
SAMEA3532870 SAMEA3532870 -0.0402052 -0.2844 0.264803 0.421767 0.0478089 0.180897 -0.244455 0.0385939 0.439804 0.400511 0.177438 0.167358 -0.0540176 0.0333006 -0.282368 0.0115309 -0.114829 -0.100988 -0.229413
SAMEA3532871 SAMEA3532871 -0.225895 -0.172407 0.259244 0.0254175 -0.0587457 0.0741472 0.165281 0.0881313 -0.229815 -0.113278 -0.0335494 0.203129 -0.00945299 0.0894991 0.0595854 -0.356052 -0.317667 0.63811 -0.229798
SAMEA3532872 SAMEA3532872 -0.207317 0.00126759 -0.369055 0.299819 -0.0462586 -0.324221 -0.195907 -0.343608 -0.421783 0.305249 -0.0205271 0.0910568 -0.0755422 0.25433 -0.0171098 0.153714 0.162995 0.117855 -0.22948
SAMEA3532873 SAMEA3532873 -0.212412 0.448656 0.0491969 0.264824 0.321283 0.380292 0.225268 0.29632 -0.280904 0.152264 0.0910821 -0.0730515 0.213668 -0.186122 0.029949 0.0678296 0.189125 -0.0686454 -0.229442
SAMEA3532874 SAMEA3532874 -0.173548 0.368164 0.00669619 -0.0421614 0.0775704 -0.0809921 0.00216139 0.123124 0.335414 -0.0625576 -0.511524 -0.0378404 0.00970287 0.512355 0.0542701 0.159755 -0.274627 -0.0763961 -0.230092
SAMEA3532875 SAMEA3532875 -0.0491617 0.055255 -0.0853819 -0.0700648 0.127881 -0.015527 -0.181468 -0.0268314 0.31754 -0.051855 -0.179451 0.40318 -0.161263 -0.233302 0.436877 -0.263689 0.485248 0.0677999 -0.230037
